#1
double DNI(6247, 2)
0	0
0.5	0
1	0
1.5	0
2	0
2.5	0
3	0
3.5	0
4	638
4.5	833
5	918
5.5	925
6	935
6.5	923
7	898
7.5	813
8	616
8.5	0
9	0
9.5	0
10	0
10.5	0
11	0
11.5	0
12	0
12.5	0
13	0
13.5	0
14	0
14.5	0
15	0
15.5	0
16	603
16.5	809
17	900
17.5	919
18	933
18.5	920
19	880
19.5	790
20	592
20.5	0
21	0
21.5	0
22	0
22.5	0
23	0
23.5	0
24	0
24.5	0
25	0
25.5	0
26	0
26.5	0
27	0
27.5	0
28	585
28.5	785
29	871
29.5	908
30	490
30.5	0
31	80
31.5	802
32	620
32.5	0
33	0
33.5	0
34	0
34.5	0
35	0
35.5	0
36	0
36.5	0
37	0
37.5	0
38	0
38.5	0
39	0
39.5	0
40	644
40.5	842
41	929
41.5	935
42	957
42.5	950
43	903
43.5	822
44	636
44.5	0
45	0
45.5	0
46	0
46.5	0
47	0
47.5	0
48	0
48.5	0
49	0
49.5	0
50	0
50.5	0
51	0
51.5	0
52	601
52.5	806
53	895
53.5	935
54	949
54.5	940
55	899
55.5	818
56	633
56.5	0
57	0
57.5	0
58	0
58.5	0
59	0
59.5	0
60	0
60.5	0
61	0
61.5	0
62	0
62.5	0
63	0
63.5	0
64	555
64.5	767
65	862
65.5	909
66	923
66.5	913
67	882
67.5	797
68	610
68.5	0
69	0
69.5	0
70	0
70.5	0
71	0
71.5	0
72	0
72.5	0
73	0
73.5	0
74	0
74.5	0
75	0
75.5	0
76	530
76.5	744
77	840
77.5	918
78	930
78.5	916
79	865
79.5	767
80	557
80.5	0
81	0
81.5	0
82	0
82.5	0
83	0
83.5	0
84	0
84.5	0
85	0
85.5	0
86	0
86.5	0
87	0
87.5	0
88	483
88.5	718
89	842
89.5	903
90	936
90.5	931
91	880
91.5	797
92	614
92.5	0
93	0
93.5	0
94	0
94.5	0
95	0
95.5	0
96	0
96.5	0
97	0
97.5	0
98	0
98.5	0
99	0
99.5	0
100	59
100.5	763
101	859
101.5	887
102	909
102.5	361
103	856
103.5	773
104	441
104.5	0
105	0
105.5	0
106	0
106.5	0
107	0
107.5	0
108	0
108.5	0
109	0
109.5	0
110	0
110.5	0
111	0
111.5	0
112	560
112.5	770
113	867
113.5	896
114	912
114.5	442
115	869
115.5	295
116	602
116.5	0
117	0
117.5	0
118	0
118.5	0
119	0
119.5	0
120	0
120.5	0
121	0
121.5	0
122	0
122.5	0
123	0
123.5	0
124	82
124.5	377
125	160
125.5	251
126	507
126.5	315
127	397
127.5	488
128	119
128.5	0
129	0
129.5	0
130	0
130.5	0
131	0
131.5	0
132	0
132.5	0
133	0
133.5	0
134	0
134.5	0
135	0
135.5	0
136	0
136.5	0
137	254
137.5	454
138	15
138.5	81
139	52
139.5	215
140	597
140.5	93
141	0
141.5	0
142	0
142.5	0
143	0
143.5	0
144	0
144.5	0
145	0
145.5	0
146	0
146.5	0
147	0
147.5	0
148	709
148.5	893
149	971
149.5	973
150	982
150.5	969
151	933
151.5	857
152	692
152.5	193
153	0
153.5	0
154	0
154.5	0
155	0
155.5	0
156	0
156.5	0
157	0
157.5	0
158	0
158.5	0
159	0
159.5	0
160	66
160.5	222
161	921
161.5	476
162	622
162.5	767
163	358
163.5	0
164	0
164.5	0
165	0
165.5	0
166	0
166.5	0
167	0
167.5	0
168	0
168.5	0
169	0
169.5	0
170	0
170.5	0
171	0
171.5	0
172	0
172.5	0
173	0
173.5	16
174	0
174.5	41
175	8
175.5	1
176	0
176.5	0
177	0
177.5	0
178	0
178.5	0
179	0
179.5	0
180	0
180.5	0
181	0
181.5	0
182	0
182.5	0
183	0
183.5	0
184	5
184.5	726
185	830
185.5	322
186	440
186.5	366
187	257
187.5	703
188	517
188.5	81
189	0
189.5	0
190	0
190.5	0
191	0
191.5	0
192	0
192.5	0
193	0
193.5	0
194	0
194.5	0
195	0
195.5	0
196	556
196.5	767
197	862
197.5	871
198	894
198.5	891
199	822
199.5	743
200	566
200.5	116
201	0
201.5	0
202	0
202.5	0
203	0
203.5	0
204	0
204.5	0
205	0
205.5	0
206	0
206.5	0
207	0
207.5	0
208	568
208.5	781
209	877
209.5	865
210	884
210.5	876
211	849
211.5	769
212	596
212.5	149
213	0
213.5	0
214	0
214.5	0
215	0
215.5	0
216	0
216.5	0
217	0
217.5	0
218	0
218.5	0
219	0
219.5	0
220	534
220.5	755
221	856
221.5	870
222	892
222.5	886
223	878
223.5	808
224	649
224.5	207
225	0
225.5	0
226	0
226.5	0
227	0
227.5	0
228	0
228.5	0
229	0
229.5	0
230	0
230.5	0
231	0
231.5	0
232	570
232.5	776
233	865
233.5	868
234	880
234.5	869
235	873
235.5	799
236	640
236.5	217
237	0
237.5	0
238	0
238.5	0
239	0
239.5	0
240	0
240.5	0
241	0
241.5	0
242	0
242.5	0
243	0
243.5	0
244	33
244.5	93
245	181
245.5	20
246	16
246.5	5
247	397
247.5	681
248	473
248.5	0
249	0
249.5	0
250	0
250.5	0
251	0
251.5	0
252	0
252.5	0
253	0
253.5	0
254	0
254.5	0
255	0
255.5	0
256	610
256.5	293
257	326
257.5	221
258	438
258.5	228
259	180
259.5	14
260	137
260.5	0
261	0
261.5	0
262	0
262.5	0
263	0
263.5	0
264	0
264.5	0
265	0
265.5	0
266	0
266.5	0
267	0
267.5	0
268	146
268.5	755
269	345
269.5	100
270	114
270.5	149
271	302
271.5	0
272	0
272.5	0
273	0
273.5	0
274	0
274.5	0
275	0
275.5	0
276	0
276.5	0
277	0
277.5	0
278	0
278.5	0
279	0
279.5	0
280	576
280.5	784
281	880
281.5	909
282	926
282.5	918
283	877
283.5	806
284	654
284.5	256
285	0
285.5	0
286	0
286.5	0
287	0
287.5	0
288	0
288.5	0
289	0
289.5	0
290	0
290.5	0
291	0
291.5	0
292	655
292.5	842
293	926
293.5	953
294	968
294.5	958
295	917
295.5	845
296	700
296.5	313
297	0
297.5	0
298	0
298.5	0
299	0
299.5	0
300	0
300.5	0
301	0
301.5	0
302	0
302.5	0
303	0
303.5	0
304	613
304.5	809
305	898
305.5	904
306	927
306.5	926
307	890
307.5	822
308	670
308.5	270
309	0
309.5	0
310	0
310.5	0
311	0
311.5	0
312	0
312.5	0
313	0
313.5	0
314	0
314.5	0
315	0
315.5	0
316	41
316.5	370
317	218
317.5	221
318	84
318.5	201
319	319
319.5	199
320	8
320.5	0
321	0
321.5	0
322	0
322.5	0
323	0
323.5	0
324	0
324.5	0
325	0
325.5	0
326	0
326.5	0
327	0
327.5	0
328	641
328.5	831
329	918
329.5	936
330	952
330.5	949
331	902
331.5	842
332	709
332.5	341
333	0
333.5	0
334	0
334.5	0
335	0
335.5	0
336	0
336.5	0
337	0
337.5	0
338	0
338.5	0
339	0
339.5	0
340	626
340.5	823
341	914
341.5	931
342	955
342.5	954
343	907
343.5	841
344	697
344.5	318
345	0
345.5	0
346	0
346.5	0
347	0
347.5	0
348	0
348.5	0
349	0
349.5	0
350	0
350.5	0
351	0
351.5	0
352	633
352.5	824
353	909
353.5	948
354	963
354.5	955
355	921
355.5	846
356	690
356.5	323
357	0
357.5	0
358	0
358.5	0
359	0
359.5	0
360	0
360.5	0
361	0
361.5	0
362	0
362.5	0
363	0
363.5	0
364	0
364.5	759
365	97
365.5	902
366	918
366.5	916
367	891
367.5	826
368	686
368.5	121
369	0
369.5	0
370	0
370.5	0
371	0
371.5	0
372	0
372.5	0
373	0
373.5	0
374	0
374.5	0
375	0
375.5	0
376	712
376.5	884
377	961
377.5	971
378	981
378.5	971
379	956
379.5	891
380	758
380.5	421
381	0
381.5	0
382	0
382.5	0
383	0
383.5	0
384	0
384.5	0
385	0
385.5	0
386	0
386.5	0
387	0
387.5	0
388	647
388.5	830
389	914
389.5	912
390	931
390.5	927
391	914
391.5	845
392	702
392.5	362
393	0
393.5	0
394	0
394.5	0
395	0
395.5	0
396	0
396.5	0
397	0
397.5	0
398	0
398.5	0
399	0
399.5	0
400	652
400.5	827
401	905
401.5	526
402	936
402.5	928
403	909
403.5	489
404	513
404.5	403
405	0
405.5	0
406	0
406.5	0
407	0
407.5	0
408	0
408.5	0
409	0
409.5	0
410	0
410.5	0
411	0
411.5	0
412	680
412.5	849
413	927
413.5	944
414	960
414.5	954
415	942
415.5	884
416	765
416.5	479
417	0
417.5	0
418	0
418.5	0
419	0
419.5	0
420	0
420.5	0
421	0
421.5	0
422	0
422.5	0
423	0
423.5	0
424	687
424.5	852
425	926
425.5	955
426	969
426.5	963
427	942
427.5	883
428	764
428.5	460
429	0
429.5	0
430	0
430.5	0
431	0
431.5	0
432	0
432.5	0
433	0
433.5	0
434	0
434.5	0
435	0
435.5	0
436	652
436.5	823
437	412
437.5	924
438	932
438.5	627
439	903
439.5	610
440	439
440.5	176
441	0
441.5	0
442	0
442.5	0
443	0
443.5	0
444	0
444.5	0
445	0
445.5	0
446	0
446.5	0
447	0
447.5	44
448	568
448.5	750
449	835
449.5	877
450	868
450.5	841
451	821
451.5	743
452	581
452.5	253
453	0
453.5	0
454	0
454.5	0
455	0
455.5	0
456	0
456.5	0
457	0
457.5	0
458	0
458.5	0
459	0
459.5	0
460	272
460.5	277
461	240
461.5	886
462	907
462.5	441
463	492
463.5	779
464	649
464.5	375
465	0
465.5	0
466	0
466.5	0
467	0
467.5	0
468	0
468.5	0
469	0
469.5	0
470	0
470.5	0
471	0
471.5	133
472	616
472.5	800
473	884
473.5	932
474	954
474.5	952
475	935
475.5	877
476	757
476.5	473
477	0
477.5	0
478	0
478.5	0
479	0
479.5	0
480	0
480.5	0
481	0
481.5	0
482	0
482.5	0
483	0
483.5	0
484	665
484.5	831
485	917
485.5	658
486	762
486.5	925
487	430
487.5	828
488	683
488.5	291
489	0
489.5	0
490	0
490.5	0
491	0
491.5	0
492	0
492.5	0
493	0
493.5	0
494	0
494.5	0
495	0
495.5	182
496	657
496.5	826
497	906
497.5	929
498	950
498.5	950
499	928
499.5	874
500	761
500.5	472
501	0
501.5	0
502	0
502.5	0
503	0
503.5	0
504	0
504.5	0
505	0
505.5	0
506	0
506.5	0
507	0
507.5	236
508	695
508.5	854
509	930
509.5	966
510	981
510.5	977
511	949
511.5	891
512	775
512.5	493
513	0
513.5	0
514	0
514.5	0
515	0
515.5	0
516	0
516.5	0
517	0
517.5	0
518	0
518.5	0
519	0
519.5	215
520	665
520.5	826
521	896
521.5	526
522	182
522.5	3
523	0
523.5	530
524	302
524.5	64
525	0
525.5	0
526	0
526.5	0
527	0
527.5	0
528	0
528.5	0
529	0
529.5	0
530	0
530.5	0
531	0
531.5	0
532	0
532.5	105
533	179
533.5	20
534	261
534.5	0
535	563
535.5	864
536	0
536.5	0
537	0
537.5	0
538	0
538.5	0
539	0
539.5	0
540	0
540.5	0
541	0
541.5	0
542	0
542.5	0
543	0
543.5	239
544	674
544.5	835
545	915
545.5	938
546	956
546.5	954
547	945
547.5	890
548	774
548.5	515
549	0
549.5	0
550	0
550.5	0
551	0
551.5	0
552	0
552.5	0
553	0
553.5	0
554	0
554.5	0
555	0
555.5	0
556	121
556.5	270
557	286
557.5	366
558	410
558.5	651
559	933
559.5	891
560	788
560.5	532
561	0
561.5	0
562	0
562.5	0
563	0
563.5	0
564	0
564.5	0
565	0
565.5	0
566	0
566.5	0
567	0
567.5	244
568	466
568.5	368
569	506
569.5	745
570	238
570.5	126
571	120
571.5	78
572	226
572.5	46
573	0
573.5	0
574	0
574.5	0
575	0
575.5	0
576	0
576.5	0
577	0
577.5	0
578	0
578.5	0
579	0
579.5	0
580	362
580.5	837
581	907
581.5	930
582	929
582.5	942
583	928
583.5	876
584	771
584.5	510
585	0
585.5	0
586	0
586.5	0
587	0
587.5	0
588	0
588.5	0
589	0
589.5	0
590	0
590.5	0
591	0
591.5	315
592	714
592.5	862
593	924
593.5	948
594	960
594.5	957
595	921
595.5	844
596	705
596.5	424
597	0
597.5	0
598	0
598.5	0
599	0
599.5	0
600	0
600.5	0
601	0
601.5	0
602	0
602.5	0
603	0
603.5	179
604	627
604.5	812
605	902
605.5	942
606	959
606.5	956
607	927
607.5	871
608	769
608.5	522
609	0
609.5	0
610	0
610.5	0
611	0
611.5	0
612	0
612.5	0
613	0
613.5	0
614	0
614.5	0
615	0
615.5	283
616	662
616.5	800
617	871
617.5	587
618	933
618.5	934
619	916
619.5	859
620	734
620.5	458
621	0
621.5	0
622	0
622.5	0
623	0
623.5	0
624	0
624.5	0
625	0
625.5	0
626	0
626.5	0
627	0
627.5	131
628	185
628.5	735
629	545
629.5	548
630	559
630.5	455
631	407
631.5	451
632	143
632.5	358
633	0
633.5	0
634	0
634.5	0
635	0
635.5	0
636	0
636.5	0
637	0
637.5	0
638	0
638.5	0
639	0
639.5	0
640	0
640.5	0
641	445
641.5	941
642	961
642.5	957
643	928
643.5	862
644	461
644.5	436
645	0
645.5	0
646	0
646.5	0
647	0
647.5	0
648	0
648.5	0
649	0
649.5	0
650	0
650.5	0
651	0
651.5	305
652	682
652.5	833
653	909
653.5	930
654	935
654.5	601
655	865
655.5	559
656	378
656.5	142
657	0
657.5	0
658	0
658.5	0
659	0
659.5	0
660	0
660.5	0
661	0
661.5	0
662	0
662.5	0
663	0
663.5	0
664	7
664.5	264
665	203
665.5	495
666	365
666.5	173
667	172
667.5	75
668	10
668.5	0
669	0
669.5	0
670	0
670.5	0
671	0
671.5	0
672	0
672.5	0
673	0
673.5	0
674	0
674.5	0
675	0
675.5	0
676	114
676.5	810
677	348
677.5	361
678	541
678.5	15
679	150
679.5	858
680	752
680.5	531
681	0
681.5	0
682	0
682.5	0
683	0
683.5	0
684	0
684.5	0
685	0
685.5	0
686	0
686.5	0
687	0
687.5	348
688	683
688.5	404
689	520
689.5	647
690	177
690.5	206
691	0
691.5	32
692	12
692.5	0
693	0
693.5	0
694	0
694.5	0
695	0
695.5	0
696	0
696.5	0
697	0
697.5	0
698	0
698.5	0
699	0
699.5	88
700	355
700.5	518
701	15
701.5	0
702	158
702.5	0
703	0
703.5	124
704	0
704.5	581
705	0
705.5	0
706	0
706.5	0
707	0
707.5	0
708	0
708.5	0
709	0
709.5	0
710	0
710.5	0
711	0
711.5	12
712	113
712.5	397
713	584
713.5	915
714	932
714.5	696
715	686
715.5	851
716	751
716.5	503
717	0
717.5	0
718	0
718.5	0
719	0
719.5	0
720	0
720.5	0
721	0
721.5	0
722	0
722.5	0
723	0
723.5	398
724	743
724.5	866
725	928
725.5	632
726	581
726.5	970
727	952
727.5	906
728	807
728.5	71
729	0
729.5	0
730	0
730.5	0
731	0
731.5	0
732	0
732.5	0
733	0
733.5	0
734	0
734.5	0
735	0
735.5	449
736	765
736.5	887
737	947
737.5	980
738	994
738.5	985
739	955
739.5	898
740	682
740.5	559
741	0
741.5	0
742	0
742.5	0
743	0
743.5	0
744	0
744.5	0
745	0
745.5	0
746	0
746.5	0
747	0
747.5	0
748	311
748.5	279
749	393
749.5	470
750	541
750.5	571
751	432
751.5	459
752	764
752.5	527
753	0
753.5	0
754	0
754.5	0
755	0
755.5	0
756	0
756.5	0
757	0
757.5	0
758	0
758.5	0
759	0
759.5	377
760	721
760.5	850
761	922
761.5	966
762	978
762.5	973
763	955
763.5	911
764	812
764.5	602
765	0
765.5	0
766	0
766.5	0
767	0
767.5	0
768	0
768.5	0
769	0
769.5	0
770	0
770.5	0
771	0
771.5	443
772	798
772.5	883
773	952
773.5	988
774	1001
774.5	996
775	969
775.5	917
776	817
776.5	591
777	0
777.5	0
778	0
778.5	0
779	0
779.5	0
780	0
780.5	0
781	0
781.5	0
782	0
782.5	0
783	0
783.5	370
784	694
784.5	0
785	0
785.5	0
786	13
786.5	0
787	4
787.5	147
788	95
788.5	0
789	0
789.5	0
790	0
790.5	0
791	0
791.5	0
792	0
792.5	0
793	0
793.5	0
794	0
794.5	0
795	0
795.5	352
796	693
796.5	828
797	902
797.5	951
798	967
798.5	964
799	948
799.5	897
800	801
800.5	222
801	0
801.5	0
802	0
802.5	0
803	0
803.5	0
804	0
804.5	0
805	0
805.5	0
806	0
806.5	0
807	0
807.5	455
808	763
808.5	883
809	938
809.5	968
810	977
810.5	970
811	948
811.5	902
812	808
812.5	587
813	0
813.5	0
814	0
814.5	0
815	0
815.5	0
816	0
816.5	0
817	0
817.5	0
818	0
818.5	0
819	0
819.5	11
820	390
820.5	871
821	934
821.5	982
822	987
822.5	976
823	943
823.5	883
824	780
824.5	576
825	0
825.5	0
826	0
826.5	0
827	0
827.5	0
828	0
828.5	0
829	0
829.5	0
830	0
830.5	0
831	0
831.5	392
832	658
832.5	789
833	863
833.5	896
834	912
834.5	907
835	872
835.5	794
836	546
836.5	382
837	0
837.5	0
838	0
838.5	0
839	0
839.5	0
840	0
840.5	0
841	0
841.5	0
842	0
842.5	0
843	0
843.5	426
844	708
844.5	835
845	902
845.5	940
846	951
846.5	943
847	919
847.5	869
848	769
848.5	549
849	0
849.5	0
850	0
850.5	0
851	0
851.5	0
852	0
852.5	0
853	0
853.5	0
854	0
854.5	0
855	0
855.5	489
856	758
856.5	877
857	940
857.5	974
858	985
858.5	977
859	951
859.5	897
860	796
860.5	578
861	0
861.5	0
862	0
862.5	0
863	0
863.5	0
864	0
864.5	0
865	0
865.5	0
866	0
866.5	0
867	0
867.5	492
868	734
868.5	856
869	921
869.5	658
870	653
870.5	637
871	303
871.5	499
872	0
872.5	92
873	0
873.5	0
874	0
874.5	0
875	0
875.5	0
876	0
876.5	0
877	0
877.5	0
878	0
878.5	0
879	0
879.5	83
880	0
880.5	186
881	840
881.5	937
882	945
882.5	937
883	913
883.5	864
884	759
884.5	522
885	0
885.5	0
886	0
886.5	0
887	0
887.5	0
888	0
888.5	0
889	0
889.5	0
890	0
890.5	0
891	0
891.5	0
892	183
892.5	0
893	0
893.5	14
894	14
894.5	45
895	90
895.5	548
896	0
896.5	0
897	0
897.5	0
898	0
898.5	0
899	0
899.5	0
900	0
900.5	0
901	0
901.5	0
902	0
902.5	0
903	0
903.5	105
904	14
904.5	0
905	33
905.5	6
906	19
906.5	95
907	423
907.5	759
908	327
908.5	64
909	0
909.5	0
910	0
910.5	0
911	0
911.5	0
912	0
912.5	0
913	0
913.5	0
914	0
914.5	0
915	0
915.5	463
916	709
916.5	818
917	877
917.5	917
918	926
918.5	919
919	895
919.5	843
920	744
920.5	531
921	0
921.5	0
922	0
922.5	0
923	0
923.5	0
924	0
924.5	0
925	0
925.5	0
926	0
926.5	0
927	0
927.5	495
928	731
928.5	843
929	904
929.5	937
930	951
930.5	948
931	929
931.5	729
932	784
932.5	572
933	0
933.5	0
934	0
934.5	0
935	0
935.5	0
936	0
936.5	0
937	0
937.5	0
938	0
938.5	0
939	0
939.5	501
940	465
940.5	545
941	934
941.5	972
942	991
942.5	994
943	977
943.5	934
944	849
944.5	655
945	92
945.5	0
946	0
946.5	0
947	0
947.5	0
948	0
948.5	0
949	0
949.5	0
950	0
950.5	0
951	0
951.5	599
952	809
952.5	908
953	960
953.5	986
954	995
954.5	989
955	966
955.5	919
956	831
956.5	646
957	114
957.5	0
958	0
958.5	0
959	0
959.5	0
960	0
960.5	0
961	0
961.5	0
962	0
962.5	0
963	0
963.5	586
964	796
964.5	897
965	950
965.5	978
966	987
966.5	979
967	953
967.5	902
968	807
968.5	611
969	85
969.5	0
970	0
970.5	0
971	0
971.5	0
972	0
972.5	0
973	0
973.5	0
974	0
974.5	0
975	0
975.5	435
976	675
976.5	813
977	885
977.5	894
978	907
978.5	900
979	848
979.5	797
980	708
980.5	521
981	56
981.5	0
982	0
982.5	0
983	0
983.5	0
984	0
984.5	0
985	0
985.5	0
986	0
986.5	0
987	0
987.5	514
988	724
988.5	829
989	882
989.5	904
990	917
990.5	916
991	894
991.5	845
992	755
992.5	566
993	89
993.5	0
994	0
994.5	0
995	0
995.5	0
996	0
996.5	0
997	0
997.5	0
998	0
998.5	0
999	0
999.5	394
1000	68
1000.5	575
1001	780
1001.5	614
1002	910
1002.5	611
1003	295
1003.5	28
1004	0
1004.5	97
1005	0
1005.5	0
1006	0
1006.5	0
1007	0
1007.5	0
1008	0
1008.5	0
1009	0
1009.5	0
1010	0
1010.5	0
1011	0
1011.5	0
1012	21
1012.5	56
1013	267
1013.5	253
1014	99
1014.5	32
1015	8
1015.5	180
1016	223
1016.5	486
1017	0
1017.5	0
1018	0
1018.5	0
1019	0
1019.5	0
1020	0
1020.5	0
1021	0
1021.5	0
1022	0
1022.5	0
1023	0
1023.5	461
1024	690
1024.5	801
1025	864
1025.5	896
1026	912
1026.5	910
1027	884
1027.5	829
1028	733
1028.5	546
1029	74
1029.5	0
1030	0
1030.5	0
1031	0
1031.5	0
1032	0
1032.5	0
1033	0
1033.5	0
1034	0
1034.5	0
1035	0
1035.5	539
1036	751
1036.5	849
1037	902
1037.5	937
1038	940
1038.5	925
1039	904
1039.5	856
1040	761
1040.5	549
1041	78
1041.5	0
1042	0
1042.5	0
1043	0
1043.5	0
1044	0
1044.5	0
1045	0
1045.5	0
1046	0
1046.5	0
1047	23
1047.5	493
1048	684
1048.5	798
1049	862
1049.5	892
1050	905
1050.5	898
1051	858
1051.5	792
1052	668
1052.5	419
1053	21
1053.5	0
1054	0
1054.5	0
1055	0
1055.5	0
1056	0
1056.5	0
1057	0
1057.5	0
1058	0
1058.5	0
1059	20
1059.5	460
1060	704
1060.5	820
1061	886
1061.5	925
1062	946
1062.5	948
1063	914
1063.5	861
1064	760
1064.5	500
1065	60
1065.5	0
1066	0
1066.5	0
1067	0
1067.5	0
1068	0
1068.5	0
1069	0
1069.5	0
1070	0
1070.5	0
1071	25
1071.5	449
1072	674
1072.5	781
1073	839
1073.5	843
1074	856
1074.5	851
1075	796
1075.5	746
1076	633
1076.5	642
1077	200
1077.5	0
1078	0
1078.5	0
1079	0
1079.5	0
1080	0
1080.5	0
1081	0
1081.5	0
1082	0
1082.5	0
1083	149
1083.5	626
1084	806
1084.5	897
1085	947
1085.5	937
1086	948
1086.5	942
1087	921
1087.5	875
1088	788
1088.5	610
1089	160
1089.5	0
1090	0
1090.5	0
1091	0
1091.5	0
1092	0
1092.5	0
1093	0
1093.5	0
1094	0
1094.5	0
1095	59
1095.5	496
1096	707
1096.5	818
1097	882
1097.5	910
1098	921
1098.5	549
1099	260
1099.5	233
1100	599
1100.5	49
1101	50
1101.5	0
1102	0
1102.5	0
1103	0
1103.5	0
1104	0
1104.5	0
1105	0
1105.5	0
1106	0
1106.5	0
1107	0
1107.5	505
1108	757
1108.5	853
1109	907
1109.5	902
1110	907
1110.5	898
1111	867
1111.5	792
1112	670
1112.5	444
1113	47
1113.5	0
1114	0
1114.5	0
1115	0
1115.5	0
1116	0
1116.5	0
1117	0
1117.5	0
1118	0
1118.5	0
1119	180
1119.5	684
1120	870
1120.5	956
1121	1001
1121.5	1004
1122	1010
1122.5	1002
1123	974
1123.5	932
1124	856
1124.5	699
1125	269
1125.5	0
1126	0
1126.5	0
1127	0
1127.5	0
1128	0
1128.5	0
1129	0
1129.5	0
1130	0
1130.5	0
1131	245
1131.5	680
1132	840
1132.5	920
1133	964
1133.5	966
1134	970
1134.5	697
1135	653
1135.5	825
1136	483
1136.5	347
1137	23
1137.5	0
1138	0
1138.5	0
1139	0
1139.5	0
1140	0
1140.5	0
1141	0
1141.5	0
1142	0
1142.5	0
1143	0
1143.5	0
1144	64
1144.5	153
1145	106
1145.5	9
1146	6
1146.5	21
1147	0
1147.5	188
1148	0
1148.5	99
1149	0
1149.5	0
1150	0
1150.5	0
1151	0
1151.5	0
1152	0
1152.5	0
1153	0
1153.5	0
1154	0
1154.5	0
1155	0
1155.5	83
1156	744
1156.5	839
1157	893
1157.5	908
1158	239
1158.5	907
1159	869
1159.5	823
1160	739
1160.5	564
1161	145
1161.5	0
1162	0
1162.5	0
1163	0
1163.5	0
1164	0
1164.5	0
1165	0
1165.5	0
1166	0
1166.5	0
1167	0
1167.5	76
1168	266
1168.5	244
1169	869
1169.5	426
1170	515
1170.5	903
1171	506
1171.5	390
1172	355
1172.5	30
1173	78
1173.5	0
1174	0
1174.5	0
1175	0
1175.5	0
1176	0
1176.5	0
1177	0
1177.5	0
1178	0
1178.5	0
1179	0
1179.5	0
1180	0
1180.5	0
1181	18
1181.5	18
1182	32
1182.5	30
1183	206
1183.5	813
1184	738
1184.5	585
1185	0
1185.5	0
1186	0
1186.5	0
1187	0
1187.5	0
1188	0
1188.5	0
1189	0
1189.5	0
1190	0
1190.5	0
1191	268
1191.5	657
1192	807
1192.5	877
1193	912
1193.5	842
1194	894
1194.5	923
1195	875
1195.5	832
1196	740
1196.5	554
1197	150
1197.5	0
1198	0
1198.5	0
1199	0
1199.5	0
1200	0
1200.5	0
1201	0
1201.5	0
1202	0
1202.5	0
1203	290
1203.5	682
1204	831
1204.5	905
1205	950
1205.5	964
1206	731
1206.5	969
1207	940
1207.5	900
1208	827
1208.5	670
1209	260
1209.5	0
1210	0
1210.5	0
1211	0
1211.5	0
1212	0
1212.5	0
1213	0
1213.5	0
1214	0
1214.5	0
1215	0
1215.5	657
1216	796
1216.5	885
1217	932
1217.5	919
1218	915
1218.5	899
1219	899
1219.5	841
1220	734
1220.5	546
1221	162
1221.5	0
1222	0
1222.5	0
1223	0
1223.5	0
1224	0
1224.5	0
1225	0
1225.5	0
1226	0
1226.5	0
1227	189
1227.5	557
1228	726
1228.5	816
1229	868
1229.5	885
1230	886
1230.5	884
1231	892
1231.5	825
1232	718
1232.5	518
1233	119
1233.5	0
1234	0
1234.5	0
1235	0
1235.5	0
1236	0
1236.5	0
1237	0
1237.5	0
1238	0
1238.5	0
1239	176
1239.5	561
1240	751
1240.5	847
1241	897
1241.5	884
1242	900
1242.5	903
1243	871
1243.5	829
1244	738
1244.5	551
1245	147
1245.5	0
1246	0
1246.5	0
1247	0
1247.5	0
1248	0
1248.5	0
1249	0
1249.5	0
1250	0
1250.5	0
1251	232
1251.5	600
1252	766
1252.5	854
1253	905
1253.5	902
1254	915
1254.5	911
1255	900
1255.5	854
1256	771
1256.5	610
1257	233
1257.5	0
1258	0
1258.5	0
1259	0
1259.5	0
1260	0
1260.5	0
1261	0
1261.5	0
1262	0
1262.5	0
1263	309
1263.5	662
1264	813
1264.5	892
1265	934
1265.5	941
1266	948
1266.5	941
1267	910
1267.5	863
1268	778
1268.5	616
1269	244
1269.5	0
1270	0
1270.5	0
1271	0
1271.5	0
1272	0
1272.5	0
1273	0
1273.5	0
1274	0
1274.5	0
1275	271
1275.5	605
1276	756
1276.5	832
1277	871
1277.5	852
1278	844
1278.5	821
1279	883
1279.5	813
1280	688
1280.5	470
1281	100
1281.5	0
1282	0
1282.5	0
1283	0
1283.5	0
1284	0
1284.5	0
1285	0
1285.5	0
1286	0
1286.5	0
1287	189
1287.5	458
1288	769
1288.5	854
1289	902
1289.5	933
1290	937
1290.5	926
1291	884
1291.5	818
1292	248
1292.5	153
1293	0
1293.5	0
1294	0
1294.5	0
1295	0
1295.5	0
1296	0
1296.5	0
1297	0
1297.5	0
1298	0
1298.5	0
1299	190
1299.5	526
1300	696
1300.5	795
1301	853
1301.5	600
1302	841
1302.5	822
1303	613
1303.5	661
1304	292
1304.5	343
1305	29
1305.5	0
1306	0
1306.5	0
1307	0
1307.5	0
1308	0
1308.5	0
1309	0
1309.5	0
1310	0
1310.5	0
1311	227
1311.5	566
1312	731
1312.5	818
1313	463
1313.5	884
1314	630
1314.5	520
1315	896
1315.5	853
1316	782
1316.5	634
1317	272
1317.5	0
1318	0
1318.5	0
1319	0
1319.5	0
1320	0
1320.5	0
1321	0
1321.5	0
1322	0
1322.5	0
1323	312
1323.5	626
1324	769
1324.5	843
1325	889
1325.5	889
1326	888
1326.5	878
1327	848
1327.5	797
1328	711
1328.5	546
1329	197
1329.5	0
1330	0
1330.5	0
1331	0
1331.5	0
1332	0
1332.5	0
1333	0
1333.5	0
1334	0
1334.5	0
1335	303
1335.5	620
1336	767
1336.5	845
1337	889
1337.5	899
1338	910
1338.5	908
1339	888
1339.5	839
1340	756
1340.5	602
1341	277
1341.5	0
1342	0
1342.5	0
1343	0
1343.5	0
1344	0
1344.5	0
1345	0
1345.5	0
1346	0
1346.5	0
1347	0
1347.5	0
1348	8
1348.5	784
1349	447
1349.5	621
1350	539
1350.5	388
1351	418
1351.5	417
1352	292
1352.5	341
1353	23
1353.5	0
1354	0
1354.5	0
1355	0
1355.5	0
1356	0
1356.5	0
1357	0
1357.5	0
1358	0
1358.5	0
1359	203
1359.5	506
1360	669
1360.5	766
1361	822
1361.5	819
1362	833
1362.5	825
1363	807
1363.5	569
1364	571
1364.5	368
1365	92
1365.5	0
1366	0
1366.5	0
1367	0
1367.5	0
1368	0
1368.5	0
1369	0
1369.5	0
1370	0
1370.5	0
1371	178
1371.5	502
1372	681
1372.5	780
1373	833
1373.5	875
1374	873
1374.5	846
1375	816
1375.5	755
1376	649
1376.5	466
1377	133
1377.5	0
1378	0
1378.5	0
1379	0
1379.5	0
1380	0
1380.5	0
1381	0
1381.5	0
1382	0
1382.5	0
1383	302
1383.5	624
1384	785
1384.5	879
1385	937
1385.5	926
1386	949
1386.5	948
1387	923
1387.5	863
1388	776
1388.5	632
1389	301
1389.5	0
1390	0
1390.5	0
1391	0
1391.5	0
1392	0
1392.5	0
1393	0
1393.5	0
1394	0
1394.5	0
1395	497
1395.5	759
1396	875
1396.5	937
1397	974
1397.5	978
1398	974
1398.5	956
1399	940
1399.5	908
1400	842
1400.5	711
1401	405
1401.5	0
1402	0
1402.5	0
1403	0
1403.5	0
1404	0
1404.5	0
1405	0
1405.5	0
1406	0
1406.5	0
1407	454
1407.5	722
1408	842
1408.5	903
1409	945
1409.5	920
1410	897
1410.5	892
1411	883
1411.5	802
1412	675
1412.5	543
1413	266
1413.5	0
1414	0
1414.5	0
1415	0
1415.5	0
1416	0
1416.5	0
1417	0
1417.5	0
1418	0
1418.5	0
1419	379
1419.5	657
1420	789
1420.5	863
1421	907
1421.5	942
1422	954
1422.5	949
1423	917
1423.5	870
1424	794
1424.5	653
1425	335
1425.5	0
1426	0
1426.5	0
1427	0
1427.5	0
1428	0
1428.5	0
1429	0
1429.5	0
1430	0
1430.5	0
1431	376
1431.5	668
1432	806
1432.5	878
1433	911
1433.5	882
1434	862
1434.5	913
1435	893
1435.5	820
1436	746
1436.5	579
1437	249
1437.5	0
1438	0
1438.5	0
1439	0
1439.5	0
1440	0
1440.5	0
1441	0
1441.5	0
1442	0
1442.5	0
1443	293
1443.5	586
1444	767
1444.5	844
1445	888
1445.5	910
1446	915
1446.5	906
1447	888
1447.5	842
1448	759
1448.5	608
1449	275
1449.5	0
1450	0
1450.5	0
1451	0
1451.5	0
1452	0
1452.5	0
1453	0
1453.5	0
1454	0
1454.5	0
1455	389
1455.5	671
1456	804
1456.5	863
1457	889
1457.5	912
1458	899
1458.5	864
1459	891
1459.5	826
1460	717
1460.5	580
1461	230
1461.5	0
1462	0
1462.5	0
1463	0
1463.5	0
1464	0
1464.5	0
1465	0
1465.5	0
1466	0
1466.5	0
1467	190
1467.5	379
1468	788
1468.5	877
1469	929
1469.5	951
1470	964
1470.5	961
1471	945
1471.5	901
1472	820
1472.5	682
1473	363
1473.5	0
1474	0
1474.5	0
1475	0
1475.5	0
1476	0
1476.5	0
1477	0
1477.5	0
1478	0
1478.5	0
1479	429
1479.5	688
1480	815
1480.5	886
1481	927
1481.5	947
1482	951
1482.5	942
1483	922
1483.5	875
1484	794
1484.5	658
1485	359
1485.5	0
1486	0
1486.5	0
1487	0
1487.5	0
1488	0
1488.5	0
1489	0
1489.5	0
1490	0
1490.5	0
1491	442
1491.5	705
1492	837
1492.5	899
1493	934
1493.5	950
1494	953
1494.5	939
1495	930
1495.5	882
1496	799
1496.5	674
1497	363
1497.5	0
1498	0
1498.5	0
1499	0
1499.5	0
1500	0
1500.5	0
1501	0
1501.5	0
1502	0
1502.5	0
1503	294
1503.5	590
1504	813
1504.5	866
1505	894
1505.5	928
1506	933
1506.5	928
1507	921
1507.5	873
1508	791
1508.5	654
1509	341
1509.5	0
1510	0
1510.5	0
1511	0
1511.5	0
1512	0
1512.5	0
1513	0
1513.5	0
1514	0
1514.5	0
1515	333
1515.5	596
1516	798
1516.5	864
1517	901
1517.5	919
1518	923
1518.5	914
1519	911
1519.5	868
1520	793
1520.5	666
1521	369
1521.5	0
1522	0
1522.5	0
1523	0
1523.5	0
1524	0
1524.5	0
1525	0
1525.5	0
1526	0
1526.5	0
1527	429
1527.5	682
1528	807
1528.5	875
1529	913
1529.5	933
1530	939
1530.5	932
1531	915
1531.5	876
1532	804
1532.5	675
1533	383
1533.5	0
1534	0
1534.5	0
1535	0
1535.5	0
1536	0
1536.5	0
1537	0
1537.5	0
1538	0
1538.5	0
1539	397
1539.5	648
1540	780
1540.5	846
1541	885
1541.5	888
1542	897
1542.5	894
1543	887
1543.5	845
1544	767
1544.5	632
1545	332
1545.5	0
1546	0
1546.5	0
1547	0
1547.5	0
1548	0
1548.5	0
1549	0
1549.5	0
1550	0
1550.5	0
1551	355
1551.5	614
1552	761
1552.5	835
1553	875
1553.5	898
1554	902
1554.5	891
1555	878
1555.5	831
1556	752
1556.5	628
1557	342
1557.5	0
1558	0
1558.5	0
1559	0
1559.5	0
1560	0
1560.5	0
1561	0
1561.5	0
1562	0
1562.5	0
1563	381
1563.5	631
1564	763
1564.5	836
1565	880
1565.5	889
1566	898
1566.5	893
1567	878
1567.5	837
1568	762
1568.5	624
1569	335
1569.5	0
1570	0
1570.5	0
1571	0
1571.5	0
1572	0
1572.5	0
1573	0
1573.5	0
1574	0
1574.5	0
1575	271
1575.5	568
1576	718
1576.5	788
1577	828
1577.5	821
1578	825
1578.5	815
1579	784
1579.5	719
1580	272
1580.5	110
1581	0
1581.5	0
1582	0
1582.5	0
1583	0
1583.5	0
1584	0
1584.5	0
1585	0
1585.5	0
1586	0
1586.5	0
1587	239
1587.5	548
1588	687
1588.5	772
1589	827
1589.5	182
1590	866
1590.5	574
1591	639
1591.5	522
1592	688
1592.5	326
1593	248
1593.5	0
1594	0
1594.5	0
1595	0
1595.5	0
1596	0
1596.5	0
1597	0
1597.5	0
1598	0
1598.5	0
1599	338
1599.5	574
1600	766
1600.5	837
1601	880
1601.5	896
1602	905
1602.5	901
1603	890
1603.5	854
1604	787
1604.5	686
1605	44
1605.5	0
1606	0
1606.5	0
1607	0
1607.5	0
1608	0
1608.5	0
1609	0
1609.5	0
1610	0
1610.5	0
1611	449
1611.5	688
1612	835
1612.5	898
1613	937
1613.5	961
1614	970
1614.5	965
1615	953
1615.5	918
1616	855
1616.5	743
1617	34
1617.5	0
1618	0
1618.5	0
1619	0
1619.5	0
1620	0
1620.5	0
1621	0
1621.5	0
1622	0
1622.5	0
1623	505
1623.5	730
1624	851
1624.5	912
1625	949
1625.5	956
1626	964
1626.5	960
1627	964
1627.5	932
1628	871
1628.5	773
1629	527
1629.5	0
1630	0
1630.5	0
1631	0
1631.5	0
1632	0
1632.5	0
1633	0
1633.5	0
1634	0
1634.5	0
1635	467
1635.5	668
1636	802
1636.5	516
1637	905
1637.5	670
1638	230
1638.5	913
1639	908
1639.5	869
1640	796
1640.5	686
1641	423
1641.5	0
1642	0
1642.5	0
1643	0
1643.5	0
1644	0
1644.5	0
1645	0
1645.5	0
1646	0
1646.5	0
1647	425
1647.5	656
1648	744
1648.5	22
1649	871
1649.5	892
1650	370
1650.5	206
1651	250
1651.5	0
1652	337
1652.5	67
1653	50
1653.5	0
1654	0
1654.5	0
1655	0
1655.5	0
1656	0
1656.5	0
1657	0
1657.5	0
1658	0
1658.5	0
1659	0
1659.5	0
1660	0
1660.5	180
1661	413
1661.5	24
1662	171
1662.5	232
1663	435
1663.5	41
1664	3
1664.5	0
1665	0
1665.5	0
1666	0
1666.5	0
1667	0
1667.5	0
1668	0
1668.5	0
1669	0
1669.5	0
1670	0
1670.5	0
1671	415
1671.5	639
1672	786
1672.5	853
1673	893
1673.5	917
1674	914
1674.5	899
1675	886
1675.5	834
1676	750
1676.5	630
1677	350
1677.5	0
1678	0
1678.5	0
1679	0
1679.5	0
1680	0
1680.5	0
1681	0
1681.5	0
1682	0
1682.5	0
1683	452
1683.5	669
1684	805
1684.5	866
1685	902
1685.5	920
1686	927
1686.5	921
1687	914
1687.5	876
1688	811
1688.5	707
1689	471
1689.5	0
1690	0
1690.5	0
1691	0
1691.5	0
1692	0
1692.5	0
1693	0
1693.5	0
1694	0
1694.5	0
1695	530
1695.5	741
1696	848
1696.5	907
1697	940
1697.5	955
1698	960
1698.5	954
1699	939
1699.5	904
1700	842
1700.5	741
1701	507
1701.5	0
1702	0
1702.5	0
1703	0
1703.5	0
1704	0
1704.5	0
1705	0
1705.5	0
1706	0
1706.5	0
1707	559
1707.5	762
1708	861
1708.5	918
1709	951
1709.5	972
1710	977
1710.5	971
1711	954
1711.5	919
1712	860
1712.5	752
1713	524
1713.5	0
1714	0
1714.5	0
1715	0
1715.5	0
1716	0
1716.5	0
1717	0
1717.5	0
1718	0
1718.5	0
1719	534
1719.5	737
1720	850
1720.5	907
1721	941
1721.5	954
1722	958
1722.5	950
1723	937
1723.5	899
1724	833
1724.5	721
1725	473
1725.5	0
1726	0
1726.5	0
1727	0
1727.5	0
1728	0
1728.5	0
1729	0
1729.5	0
1730	0
1730.5	0
1731	476
1731.5	696
1732	819
1732.5	883
1733	920
1733.5	939
1734	945
1734.5	940
1735	927
1735.5	889
1736	821
1736.5	706
1737	457
1737.5	0
1738	0
1738.5	0
1739	0
1739.5	0
1740	0
1740.5	0
1741	0
1741.5	0
1742	0
1742.5	0
1743	482
1743.5	77
1744	815
1744.5	879
1745	912
1745.5	717
1746	665
1746.5	686
1747	744
1747.5	880
1748	810
1748.5	442
1749	406
1749.5	0
1750	0
1750.5	0
1751	0
1751.5	0
1752	0
1752.5	0
1753	0
1753.5	0
1754	0
1754.5	0
1755	509
1755.5	638
1756	305
1756.5	513
1757	499
1757.5	551
1758	695
1758.5	723
1759	248
1759.5	19
1760	106
1760.5	86
1761	0
1761.5	0
1762	0
1762.5	0
1763	0
1763.5	0
1764	0
1764.5	0
1765	0
1765.5	0
1766	0
1766.5	0
1767	436
1767.5	663
1768	794
1768.5	869
1769	911
1769.5	940
1770	944
1770.5	936
1771	921
1771.5	876
1772	805
1772.5	697
1773	463
1773.5	0
1774	0
1774.5	0
1775	0
1775.5	0
1776	0
1776.5	0
1777	0
1777.5	0
1778	0
1778.5	22
1779	465
1779.5	677
1780	789
1780.5	850
1781	884
1781.5	911
1782	917
1782.5	909
1783	887
1783.5	843
1784	485
1784.5	515
1785	288
1785.5	0
1786	0
1786.5	0
1787	0
1787.5	0
1788	0
1788.5	0
1789	0
1789.5	0
1790	0
1790.5	28
1791	460
1791.5	670
1792	791
1792.5	853
1793	888
1793.5	910
1794	915
1794.5	907
1795	887
1795.5	843
1796	769
1796.5	654
1797	411
1797.5	0
1798	0
1798.5	0
1799	0
1799.5	0
1800	0
1800.5	0
1801	0
1801.5	0
1802	0
1802.5	33
1803	474
1803.5	683
1804	798
1804.5	862
1805	901
1805.5	929
1806	937
1806.5	933
1807	920
1807.5	883
1808	816
1808.5	693
1809	459
1809.5	0
1810	0
1810.5	0
1811	0
1811.5	0
1812	0
1812.5	0
1813	0
1813.5	0
1814	0
1814.5	44
1815	513
1815.5	722
1816	828
1816.5	887
1817	921
1817.5	940
1818	942
1818.5	498
1819	897
1819.5	860
1820	796
1820.5	679
1821	450
1821.5	0
1822	0
1822.5	0
1823	0
1823.5	0
1824	0
1824.5	0
1825	0
1825.5	0
1826	0
1826.5	30
1827	434
1827.5	646
1828	760
1828.5	827
1829	868
1829.5	857
1830	868
1830.5	867
1831	876
1831.5	836
1832	769
1832.5	654
1833	429
1833.5	0
1834	0
1834.5	0
1835	0
1835.5	0
1836	0
1836.5	0
1837	0
1837.5	0
1838	0
1838.5	76
1839	535
1839.5	733
1840	835
1840.5	894
1841	929
1841.5	948
1842	950
1842.5	941
1843	920
1843.5	879
1844	809
1844.5	689
1845	456
1845.5	0
1846	0
1846.5	0
1847	0
1847.5	0
1848	0
1848.5	0
1849	0
1849.5	0
1850	0
1850.5	0
1851	516
1851.5	712
1852	816
1852.5	878
1853	916
1853.5	939
1854	940
1854.5	929
1855	885
1855.5	835
1856	755
1856.5	618
1857	368
1857.5	0
1858	0
1858.5	0
1859	0
1859.5	0
1860	0
1860.5	0
1861	0
1861.5	0
1862	0
1862.5	18
1863	395
1863.5	617
1864	739
1864.5	812
1865	859
1865.5	939
1866	948
1866.5	945
1867	926
1867.5	889
1868	824
1868.5	709
1869	484
1869.5	0
1870	0
1870.5	0
1871	0
1871.5	0
1872	0
1872.5	0
1873	0
1873.5	0
1874	0
1874.5	54
1875	506
1875.5	706
1876	809
1876.5	869
1877	905
1877.5	931
1878	935
1878.5	928
1879	855
1879.5	810
1880	727
1880.5	579
1881	317
1881.5	0
1882	0
1882.5	0
1883	0
1883.5	0
1884	0
1884.5	0
1885	0
1885.5	0
1886	0
1886.5	17
1887	382
1887.5	605
1888	729
1888.5	801
1889	845
1889.5	892
1890	902
1890.5	900
1891	893
1891.5	861
1892	801
1892.5	688
1893	459
1893.5	0
1894	0
1894.5	0
1895	0
1895.5	0
1896	0
1896.5	0
1897	0
1897.5	0
1898	0
1898.5	38
1899	480
1899.5	694
1900	805
1900.5	868
1901	905
1901.5	942
1902	945
1902.5	933
1903	890
1903.5	830
1904	738
1904.5	596
1905	348
1905.5	0
1906	0
1906.5	0
1907	0
1907.5	0
1908	0
1908.5	0
1909	0
1909.5	0
1910	0
1910.5	32
1911	452
1911.5	668
1912	784
1912.5	852
1913	893
1913.5	887
1914	895
1914.5	889
1915	935
1915.5	902
1916	842
1916.5	736
1917	522
1917.5	0
1918	0
1918.5	0
1919	0
1919.5	0
1920	0
1920.5	0
1921	0
1921.5	0
1922	0
1922.5	69
1923	528
1923.5	729
1924	833
1924.5	894
1925	931
1925.5	565
1926	952
1926.5	943
1927	901
1927.5	848
1928	767
1928.5	638
1929	411
1929.5	0
1930	0
1930.5	0
1931	0
1931.5	0
1932	0
1932.5	0
1933	0
1933.5	0
1934	0
1934.5	23
1935	445
1935.5	663
1936	776
1936.5	839
1937	877
1937.5	889
1938	887
1938.5	870
1939	860
1939.5	820
1940	755
1940.5	643
1941	323
1941.5	0
1942	0
1942.5	0
1943	0
1943.5	0
1944	0
1944.5	0
1945	0
1945.5	0
1946	0
1946.5	55
1947	456
1947.5	650
1948	753
1948.5	814
1949	590
1949.5	465
1950	646
1950.5	792
1951	823
1951.5	777
1952	706
1952.5	590
1953	379
1953.5	0
1954	0
1954.5	0
1955	0
1955.5	0
1956	0
1956.5	0
1957	0
1957.5	0
1958	0
1958.5	11
1959	302
1959.5	529
1960	668
1960.5	154
1961	312
1961.5	661
1962	825
1962.5	811
1963	806
1963.5	759
1964	686
1964.5	567
1965	354
1965.5	0
1966	0
1966.5	0
1967	0
1967.5	0
1968	0
1968.5	0
1969	0
1969.5	0
1970	0
1970.5	11
1971	271
1971.5	481
1972	616
1972.5	704
1973	762
1973.5	879
1974	889
1974.5	888
1975	873
1975.5	839
1976	779
1976.5	674
1977	468
1977.5	0
1978	0
1978.5	0
1979	0
1979.5	0
1980	0
1980.5	0
1981	0
1981.5	0
1982	0
1982.5	28
1983	395
1983.5	599
1984	711
1984.5	780
1985	826
1985.5	875
1986	882
1986.5	875
1987	802
1987.5	751
1988	675
1988.5	551
1989	334
1989.5	0
1990	0
1990.5	0
1991	0
1991.5	0
1992	0
1992.5	0
1993	0
1993.5	0
1994	0
1994.5	28
1995	425
1995.5	643
1996	762
1996.5	835
1997	879
1997.5	891
1998	899
1998.5	895
1999	884
1999.5	846
2000	781
2000.5	670
2001	459
2001.5	0
2002	0
2002.5	0
2003	0
2003.5	0
2004	0
2004.5	0
2005	0
2005.5	0
2006	0
2006.5	86
2007	555
2007.5	749
2008	850
2008.5	909
2009	943
2009.5	964
2010	971
2010.5	967
2011	940
2011.5	905
2012	844
2012.5	738
2013	531
2013.5	63
2014	0
2014.5	0
2015	0
2015.5	0
2016	0
2016.5	0
2017	0
2017.5	0
2018	0
2018.5	55
2019	509
2019.5	717
2020	826
2020.5	890
2021	929
2021.5	934
2022	937
2022.5	929
2023	959
2023.5	928
2024	875
2024.5	778
2025	576
2025.5	74
2026	0
2026.5	0
2027	0
2027.5	0
2028	0
2028.5	0
2029	0
2029.5	0
2030	0
2030.5	48
2031	491
2031.5	700
2032	809
2032.5	871
2033	907
2033.5	945
2034	946
2034.5	931
2035	902
2035.5	855
2036	780
2036.5	656
2037	434
2037.5	26
2038	0
2038.5	0
2039	0
2039.5	0
2040	0
2040.5	0
2041	0
2041.5	0
2042	0
2042.5	44
2043	508
2043.5	715
2044	823
2044.5	887
2045	927
2045.5	943
2046	949
2046.5	942
2047	911
2047.5	866
2048	793
2048.5	674
2049	459
2049.5	38
2050	0
2050.5	0
2051	0
2051.5	0
2052	0
2052.5	0
2053	0
2053.5	0
2054	0
2054.5	40
2055	481
2055.5	697
2056	809
2056.5	638
2057	619
2057.5	675
2058	510
2058.5	170
2059	907
2059.5	854
2060	766
2060.5	628
2061	401
2061.5	22
2062	0
2062.5	0
2063	0
2063.5	0
2064	0
2064.5	0
2065	0
2065.5	0
2066	0
2066.5	35
2067	477
2067.5	676
2068	497
2068.5	868
2069	420
2069.5	379
2070	281
2070.5	480
2071	899
2071.5	859
2072	791
2072.5	671
2073	448
2073.5	35
2074	0
2074.5	0
2075	0
2075.5	0
2076	0
2076.5	0
2077	0
2077.5	0
2078	0
2078.5	28
2079	437
2079.5	660
2080	783
2080.5	859
2081	907
2081.5	935
2082	943
2082.5	940
2083	928
2083.5	882
2084	805
2084.5	683
2085	466
2085.5	0
2086	0
2086.5	0
2087	0
2087.5	0
2088	0
2088.5	0
2089	0
2089.5	0
2090	0
2090.5	34
2091	494
2091.5	707
2092	814
2092.5	872
2093	907
2093.5	601
2094	932
2094.5	500
2095	422
2095.5	809
2096	736
2096.5	622
2097	414
2097.5	0
2098	0
2098.5	0
2099	0
2099.5	0
2100	0
2100.5	0
2101	0
2101.5	0
2102	0
2102.5	0
2103	513
2103.5	716
2104	822
2104.5	884
2105	922
2105.5	891
2106	896
2106.5	887
2107	892
2107.5	849
2108	781
2108.5	665
2109	453
2109.5	46
2110	0
2110.5	0
2111	0
2111.5	0
2112	0
2112.5	0
2113	0
2113.5	0
2114	0
2114.5	53
2115	518
2115.5	727
2116	836
2116.5	900
2117	938
2117.5	949
2118	958
2118.5	955
2119	925
2119.5	890
2120	830
2120.5	726
2121	526
2121.5	77
2122	0
2122.5	0
2123	0
2123.5	0
2124	0
2124.5	0
2125	0
2125.5	0
2126	0
2126.5	0
2127	476
2127.5	679
2128	773
2128.5	812
2129	825
2129.5	824
2130	817
2130.5	801
2131	813
2131.5	771
2132	704
2132.5	603
2133	425
2133.5	50
2134	0
2134.5	0
2135	0
2135.5	0
2136	0
2136.5	0
2137	0
2137.5	0
2138	0
2138.5	0
2139	374
2139.5	602
2140	733
2140.5	811
2141	859
2141.5	834
2142	843
2142.5	836
2143	805
2143.5	675
2144	592
2144.5	557
2145	385
2145.5	24
2146	0
2146.5	0
2147	0
2147.5	0
2148	0
2148.5	0
2149	0
2149.5	0
2150	0
2150.5	0
2151	0
2151.5	230
2152	601
2152.5	148
2153	740
2153.5	620
2154	625
2154.5	620
2155	633
2155.5	610
2156	548
2156.5	431
2157	256
2157.5	10
2158	0
2158.5	0
2159	0
2159.5	0
2160	0
2160.5	0
2161	0
2161.5	0
2162	0
2162.5	0
2163	244
2163.5	356
2164	467
2164.5	541
2165	595
2165.5	689
2166	713
2166.5	730
2167	655
2167.5	610
2168	224
2168.5	714
2169	506
2169.5	68
2170	0
2170.5	0
2171	0
2171.5	0
2172	0
2172.5	0
2173	0
2173.5	0
2174	0
2174.5	0
2175	454
2175.5	679
2176	800
2176.5	871
2177	914
2177.5	955
2178	963
2178.5	959
2179	924
2179.5	881
2180	812
2180.5	701
2181	498
2181.5	66
2182	0
2182.5	0
2183	0
2183.5	0
2184	0
2184.5	0
2185	0
2185.5	0
2186	0
2186.5	0
2187	481
2187.5	683
2188	787
2188.5	846
2189	879
2189.5	860
2190	854
2190.5	835
2191	867
2191.5	830
2192	767
2192.5	660
2193	461
2193.5	51
2194	0
2194.5	0
2195	0
2195.5	0
2196	0
2196.5	0
2197	0
2197.5	0
2198	0
2198.5	0
2199	391
2199.5	602
2200	720
2200.5	792
2201	836
2201.5	880
2202	889
2202.5	885
2203	858
2203.5	821
2204	760
2204.5	654
2205	454
2205.5	46
2206	0
2206.5	0
2207	0
2207.5	0
2208	0
2208.5	0
2209	0
2209.5	0
2210	0
2210.5	0
2211	432
2211.5	647
2212	761
2212.5	828
2213	870
2213.5	895
2214	908
2214.5	908
2215	897
2215.5	866
2216	810
2216.5	708
2217	507
2217.5	63
2218	0
2218.5	0
2219	0
2219.5	0
2220	0
2220.5	0
2221	0
2221.5	0
2222	0
2222.5	0
2223	324
2223.5	557
2224	695
2224.5	779
2225	832
2225.5	892
2226	905
2226.5	903
2227	881
2227.5	850
2228	795
2228.5	692
2229	482
2229.5	46
2230	0
2230.5	0
2231	0
2231.5	0
2232	0
2232.5	0
2233	0
2233.5	0
2234	0
2234.5	0
2235	364
2235.5	568
2236	681
2236.5	760
2237	813
2237.5	833
2238	851
2238.5	859
2239	869
2239.5	845
2240	788
2240.5	657
2241	393
2241.5	0
2242	0
2242.5	0
2243	0
2243.5	0
2244	0
2244.5	0
2245	0
2245.5	0
2246	0
2246.5	0
2247	283
2247.5	514
2248	653
2248.5	738
2249	787
2249.5	840
2250	846
2250.5	837
2251	821
2251.5	786
2252	569
2252.5	475
2253	256
2253.5	0
2254	0
2254.5	0
2255	0
2255.5	0
2256	0
2256.5	0
2257	0
2257.5	0
2258	0
2258.5	0
2259	329
2259.5	547
2260	677
2260.5	184
2261	806
2261.5	818
2262	827
2262.5	825
2263	784
2263.5	529
2264	292
2264.5	177
2265	80
2265.5	0
2266	0
2266.5	0
2267	0
2267.5	0
2268	0
2268.5	0
2269	0
2269.5	0
2270	0
2270.5	0
2271	256
2271.5	475
2272	600
2272.5	668
2273	716
2273.5	816
2274	829
2274.5	827
2275	803
2275.5	768
2276	707
2276.5	602
2277	403
2277.5	0
2278	0
2278.5	0
2279	0
2279.5	0
2280	0
2280.5	0
2281	0
2281.5	0
2282	0
2282.5	0
2283	355
2283.5	586
2284	719
2284.5	800
2285	851
2285.5	885
2286	894
2286.5	892
2287	859
2287.5	827
2288	769
2288.5	661
2289	450
2289.5	33
2290	0
2290.5	0
2291	0
2291.5	0
2292	0
2292.5	0
2293	0
2293.5	0
2294	0
2294.5	0
2295	216
2295.5	359
2296	115
2296.5	267
2297	503
2297.5	247
2298	118
2298.5	833
2299	828
2299.5	795
2300	466
2300.5	393
2301	427
2301.5	0
2302	0
2302.5	0
2303	0
2303.5	0
2304	0
2304.5	0
2305	0
2305.5	0
2306	0
2306.5	0
2307	314
2307.5	544
2308	670
2308.5	744
2309	789
2309.5	859
2310	868
2310.5	862
2311	835
2311.5	795
2312	726
2312.5	608
2313	389
2313.5	0
2314	0
2314.5	0
2315	0
2315.5	0
2316	0
2316.5	0
2317	0
2317.5	0
2318	0
2318.5	0
2319	329
2319.5	564
2320	693
2320.5	768
2321	808
2321.5	836
2322	844
2322.5	842
2323	843
2323.5	808
2324	740
2324.5	618
2325	385
2325.5	0
2326	0
2326.5	0
2327	0
2327.5	0
2328	0
2328.5	0
2329	0
2329.5	0
2330	0
2330.5	0
2331	307
2331.5	541
2332	673
2332.5	753
2333	800
2333.5	857
2334	866
2334.5	860
2335	839
2335.5	792
2336	711
2336.5	354
2337	233
2337.5	0
2338	0
2338.5	0
2339	0
2339.5	0
2340	0
2340.5	0
2341	0
2341.5	0
2342	0
2342.5	0
2343	207
2343.5	375
2344	640
2344.5	726
2345	781
2345.5	833
2346	844
2346.5	841
2347	818
2347.5	779
2348	667
2348.5	204
2349	118
2349.5	0
2350	0
2350.5	0
2351	0
2351.5	0
2352	0
2352.5	0
2353	0
2353.5	0
2354	0
2354.5	0
2355	0
2355.5	0
2356	199
2356.5	712
2357	761
2357.5	825
2358	826
2358.5	817
2359	783
2359.5	742
2360	680
2360.5	574
2361	373
2361.5	0
2362	0
2362.5	0
2363	0
2363.5	0
2364	0
2364.5	0
2365	0
2365.5	0
2366	0
2366.5	0
2367	0
2367.5	11
2368	0
2368.5	95
2369	285
2369.5	328
2370	546
2370.5	856
2371	821
2371.5	790
2372	727
2372.5	285
2373	186
2373.5	0
2374	0
2374.5	0
2375	0
2375.5	0
2376	0
2376.5	0
2377	0
2377.5	0
2378	0
2378.5	0
2379	272
2379.5	502
2380	634
2380.5	714
2381	764
2381.5	813
2382	825
2382.5	823
2383	711
2383.5	672
2384	0
2384.5	0
2385	0
2385.5	0
2386	0
2386.5	0
2387	0
2387.5	0
2388	0
2388.5	0
2389	0
2389.5	0
2390	0
2390.5	0
2391	233
2391.5	457
2392	605
2392.5	699
2393	745
2393.5	797
2394	796
2394.5	372
2395	433
2395.5	482
2396	258
2396.5	88
2397	42
2397.5	0
2398	0
2398.5	0
2399	0
2399.5	0
2400	0
2400.5	0
2401	0
2401.5	0
2402	0
2402.5	0
2403	41
2403.5	115
2404	226
2404.5	78
2405	14
2405.5	802
2406	809
2406.5	804
2407	801
2407.5	759
2408	686
2408.5	562
2409	350
2409.5	0
2410	0
2410.5	0
2411	0
2411.5	0
2412	0
2412.5	0
2413	0
2413.5	0
2414	0
2414.5	0
2415	237
2415.5	495
2416	362
2416.5	739
2417	797
2417.5	855
2418	868
2418.5	867
2419	815
2419.5	780
2420	717
2420.5	602
2421	385
2421.5	0
2422	0
2422.5	0
2423	0
2423.5	0
2424	0
2424.5	0
2425	0
2425.5	0
2426	0
2426.5	0
2427	284
2427.5	74
2428	289
2428.5	147
2429	813
2429.5	834
2430	841
2430.5	833
2431	805
2431.5	750
2432	543
2432.5	85
2433	39
2433.5	0
2434	0
2434.5	0
2435	0
2435.5	0
2436	0
2436.5	0
2437	0
2437.5	0
2438	0
2438.5	0
2439	197
2439.5	363
2440	72
2440.5	743
2441	786
2441.5	818
2442	826
2442.5	815
2443	828
2443.5	785
2444	716
2444.5	602
2445	381
2445.5	0
2446	0
2446.5	0
2447	0
2447.5	0
2448	0
2448.5	0
2449	0
2449.5	0
2450	0
2450.5	0
2451	128
2451.5	323
2452	12
2452.5	0
2453	0
2453.5	59
2454	171
2454.5	494
2455	164
2455.5	269
2456	415
2456.5	539
2457	345
2457.5	0
2458	0
2458.5	0
2459	0
2459.5	0
2460	0
2460.5	0
2461	0
2461.5	0
2462	0
2462.5	0
2463	295
2463.5	544
2464	676
2464.5	752
2465	160
2465.5	626
2466	787
2466.5	791
2467	814
2467.5	23
2468	722
2468.5	611
2469	391
2469.5	0
2470	0
2470.5	0
2471	0
2471.5	0
2472	0
2472.5	0
2473	0
2473.5	0
2474	0
2474.5	0
2475	361
2475.5	395
2476	736
2476.5	807
2477	849
2477.5	889
2478	897
2478.5	893
2479	857
2479.5	824
2480	765
2480.5	540
2481	371
2481.5	0
2482	0
2482.5	0
2483	0
2483.5	0
2484	0
2484.5	0
2485	0
2485.5	0
2486	0
2486.5	0
2487	359
2487.5	609
2488	732
2488.5	800
2489	839
2489.5	858
2490	869
2490.5	863
2491	837
2491.5	794
2492	417
2492.5	0
2493	0
2493.5	0
2494	0
2494.5	0
2495	0
2495.5	0
2496	0
2496.5	0
2497	0
2497.5	0
2498	0
2498.5	0
2499	37
2499.5	98
2500	0
2500.5	224
2501	19
2501.5	758
2502	756
2502.5	779
2503	814
2503.5	785
2504	723
2504.5	607
2505	380
2505.5	0
2506	0
2506.5	0
2507	0
2507.5	0
2508	0
2508.5	0
2509	0
2509.5	0
2510	0
2510.5	0
2511	137
2511.5	236
2512	278
2512.5	294
2513	450
2513.5	809
2514	809
2514.5	16
2515	80
2515.5	548
2516	174
2516.5	79
2517	26
2517.5	0
2518	0
2518.5	0
2519	0
2519.5	0
2520	0
2520.5	0
2521	0
2521.5	0
2522	0
2522.5	0
2523	0
2523.5	40
2524	88
2524.5	378
2525	441
2525.5	460
2526	243
2526.5	783
2527	838
2527.5	806
2528	657
2528.5	15
2529	0
2529.5	0
2530	0
2530.5	0
2531	0
2531.5	0
2532	0
2532.5	0
2533	0
2533.5	0
2534	0
2534.5	0
2535	176
2535.5	281
2536	739
2536.5	391
2537	324
2537.5	869
2538	877
2538.5	875
2539	840
2539.5	806
2540	743
2540.5	520
2541	62
2541.5	0
2542	0
2542.5	0
2543	0
2543.5	0
2544	0
2544.5	0
2545	0
2545.5	0
2546	0
2546.5	0
2547	272
2547.5	548
2548	737
2548.5	811
2549	855
2549.5	872
2550	879
2550.5	873
2551	860
2551.5	822
2552	758
2552.5	0
2553	0
2553.5	0
2554	0
2554.5	0
2555	0
2555.5	0
2556	0
2556.5	0
2557	0
2557.5	0
2558	0
2558.5	0
2559	221
2559.5	0
2560	737
2560.5	814
2561	861
2561.5	883
2562	896
2562.5	897
2563	881
2563.5	851
2564	793
2564.5	693
2565	471
2565.5	0
2566	0
2566.5	0
2567	0
2567.5	0
2568	0
2568.5	0
2569	0
2569.5	0
2570	0
2570.5	0
2571	352
2571.5	606
2572	729
2572.5	797
2573	836
2573.5	830
2574	598
2574.5	409
2575	378
2575.5	477
2576	263
2576.5	212
2577	0
2577.5	0
2578	0
2578.5	0
2579	0
2579.5	0
2580	0
2580.5	0
2581	0
2581.5	0
2582	0
2582.5	0
2583	0
2583.5	0
2584	115
2584.5	0
2585	0
2585.5	6
2586	81
2586.5	231
2587	854
2587.5	819
2588	756
2588.5	652
2589	418
2589.5	0
2590	0
2590.5	0
2591	0
2591.5	0
2592	0
2592.5	0
2593	0
2593.5	0
2594	0
2594.5	0
2595	333
2595.5	607
2596	741
2596.5	818
2597	866
2597.5	878
2598	896
2598.5	900
2599	902
2599.5	873
2600	816
2600.5	708
2601	476
2601.5	0
2602	0
2602.5	0
2603	0
2603.5	0
2604	0
2604.5	0
2605	0
2605.5	0
2606	0
2606.5	0
2607	372
2607.5	633
2608	755
2608.5	821
2609	861
2609.5	908
2610	916
2610.5	912
2611	879
2611.5	842
2612	778
2612.5	661
2613	419
2613.5	0
2614	0
2614.5	0
2615	0
2615.5	0
2616	0
2616.5	0
2617	0
2617.5	0
2618	0
2618.5	0
2619	245
2619.5	597
2620	732
2620.5	806
2621	850
2621.5	857
2622	868
2622.5	864
2623	823
2623.5	782
2624	379
2624.5	225
2625	113
2625.5	0
2626	0
2626.5	0
2627	0
2627.5	0
2628	0
2628.5	0
2629	0
2629.5	0
2630	0
2630.5	0
2631	222
2631.5	367
2632	384
2632.5	722
2633	775
2633.5	833
2634	839
2634.5	830
2635	812
2635.5	778
2636	710
2636.5	437
2637	314
2637.5	0
2638	0
2638.5	0
2639	0
2639.5	0
2640	0
2640.5	0
2641	0
2641.5	0
2642	0
2642.5	0
2643	0
2643.5	12
2644	266
2644.5	328
2645	315
2645.5	289
2646	448
2646.5	293
2647	466
2647.5	562
2648	499
2648.5	473
2649	53
2649.5	0
2650	0
2650.5	0
2651	0
2651.5	0
2652	0
2652.5	0
2653	0
2653.5	0
2654	0
2654.5	0
2655	21
2655.5	0
2656	24
2656.5	49
2657	395
2657.5	812
2658	824
2658.5	820
2659	774
2659.5	733
2660	659
2660.5	529
2661	0
2661.5	0
2662	0
2662.5	0
2663	0
2663.5	0
2664	0
2664.5	0
2665	0
2665.5	0
2666	0
2666.5	0
2667	277
2667.5	561
2668	702
2668.5	779
2669	524
2669.5	848
2670	856
2670.5	73
2671	820
2671.5	773
2672	530
2672.5	548
2673	263
2673.5	0
2674	0
2674.5	0
2675	0
2675.5	0
2676	0
2676.5	0
2677	0
2677.5	0
2678	0
2678.5	0
2679	163
2679.5	348
2680	408
2680.5	406
2681	495
2681.5	854
2682	627
2682.5	855
2683	847
2683.5	806
2684	735
2684.5	456
2685	100
2685.5	0
2686	0
2686.5	0
2687	0
2687.5	0
2688	0
2688.5	0
2689	0
2689.5	0
2690	0
2690.5	0
2691	182
2691.5	380
2692	507
2692.5	330
2693	522
2693.5	842
2694	851
2694.5	850
2695	517
2695.5	764
2696	535
2696.5	556
2697	87
2697.5	0
2698	0
2698.5	0
2699	0
2699.5	0
2700	0
2700.5	0
2701	0
2701.5	0
2702	0
2702.5	0
2703	186
2703.5	474
2704	627
2704.5	709
2705	755
2705.5	778
2706	792
2706.5	791
2707	775
2707.5	728
2708	489
2708.5	409
2709	0
2709.5	0
2710	0
2710.5	0
2711	0
2711.5	0
2712	0
2712.5	0
2713	0
2713.5	0
2714	0
2714.5	0
2715	0
2715.5	24
2716	441
2716.5	354
2717	28
2717.5	92
2718	138
2718.5	242
2719	315
2719.5	767
2720	700
2720.5	389
2721	201
2721.5	0
2722	0
2722.5	0
2723	0
2723.5	0
2724	0
2724.5	0
2725	0
2725.5	0
2726	0
2726.5	0
2727	5
2727.5	142
2728	215
2728.5	370
2729	824
2729.5	814
2730	474
2730.5	842
2731	828
2731.5	598
2732	572
2732.5	579
2733	272
2733.5	0
2734	0
2734.5	0
2735	0
2735.5	0
2736	0
2736.5	0
2737	0
2737.5	0
2738	0
2738.5	0
2739	305
2739.5	605
2740	746
2740.5	824
2741	870
2741.5	890
2742	903
2742.5	902
2743	878
2743.5	844
2744	778
2744.5	652
2745	375
2745.5	0
2746	0
2746.5	0
2747	0
2747.5	0
2748	0
2748.5	0
2749	0
2749.5	0
2750	0
2750.5	0
2751	245
2751.5	403
2752	760
2752.5	833
2753	876
2753.5	901
2754	910
2754.5	907
2755	878
2755.5	839
2756	766
2756.5	626
2757	334
2757.5	0
2758	0
2758.5	0
2759	0
2759.5	0
2760	0
2760.5	0
2761	0
2761.5	0
2762	0
2762.5	0
2763	170
2763.5	354
2764	748
2764.5	824
2765	869
2765.5	893
2766	903
2766.5	901
2767	869
2767.5	833
2768	764
2768.5	633
2769	340
2769.5	0
2770	0
2770.5	0
2771	0
2771.5	0
2772	0
2772.5	0
2773	0
2773.5	0
2774	0
2774.5	0
2775	261
2775.5	565
2776	711
2776.5	791
2777	836
2777.5	539
2778	526
2778.5	496
2779	475
2779.5	325
2780	292
2780.5	571
2781	142
2781.5	0
2782	0
2782.5	0
2783	0
2783.5	0
2784	0
2784.5	0
2785	0
2785.5	0
2786	0
2786.5	0
2787	247
2787.5	546
2788	689
2788.5	768
2789	814
2789.5	849
2790	854
2790.5	844
2791	815
2791.5	544
2792	354
2792.5	0
2793	0
2793.5	0
2794	0
2794.5	0
2795	0
2795.5	0
2796	0
2796.5	0
2797	0
2797.5	0
2798	0
2798.5	0
2799	38
2799.5	0
2800	0
2800.5	5
2801	335
2801.5	14
2802	86
2802.5	23
2803	29
2803.5	753
2804	686
2804.5	555
2805	85
2805.5	0
2806	0
2806.5	0
2807	0
2807.5	0
2808	0
2808.5	0
2809	0
2809.5	0
2810	0
2810.5	0
2811	256
2811.5	561
2812	707
2812.5	787
2813	831
2813.5	855
2814	865
2814.5	860
2815	831
2815.5	788
2816	494
2816.5	455
2817	218
2817.5	0
2818	0
2818.5	0
2819	0
2819.5	0
2820	0
2820.5	0
2821	0
2821.5	0
2822	0
2822.5	0
2823	0
2823.5	1
2824	0
2824.5	2
2825	199
2825.5	373
2826	457
2826.5	465
2827	503
2827.5	753
2828	671
2828.5	516
2829	200
2829.5	0
2830	0
2830.5	0
2831	0
2831.5	0
2832	0
2832.5	0
2833	0
2833.5	0
2834	0
2834.5	0
2835	0
2835.5	0
2836	23
2836.5	256
2837	108
2837.5	105
2838	824
2838.5	826
2839	835
2839.5	788
2840	699
2840.5	7
2841	195
2841.5	0
2842	0
2842.5	0
2843	0
2843.5	0
2844	0
2844.5	0
2845	0
2845.5	0
2846	0
2846.5	0
2847	202
2847.5	539
2848	697
2848.5	780
2849	827
2849.5	869
2850	874
2850.5	867
2851	817
2851.5	767
2852	680
2852.5	519
2853	181
2853.5	0
2854	0
2854.5	0
2855	0
2855.5	0
2856	0
2856.5	0
2857	0
2857.5	0
2858	0
2858.5	0
2859	296
2859.5	633
2860	779
2860.5	857
2861	902
2861.5	934
2862	943
2862.5	939
2863	918
2863.5	878
2864	805
2864.5	662
2865	315
2865.5	0
2866	0
2866.5	0
2867	0
2867.5	0
2868	0
2868.5	0
2869	0
2869.5	0
2870	0
2870.5	0
2871	316
2871.5	658
2872	802
2872.5	877
2873	920
2873.5	937
2874	944
2874.5	937
2875	916
2875.5	874
2876	800
2876.5	655
2877	303
2877.5	0
2878	0
2878.5	0
2879	0
2879.5	0
2880	0
2880.5	0
2881	0
2881.5	0
2882	0
2882.5	0
2883	244
2883.5	569
2884	716
2884.5	798
2885	846
2885.5	901
2886	910
2886.5	907
2887	875
2887.5	837
2888	762
2888.5	613
2889	251
2889.5	0
2890	0
2890.5	0
2891	0
2891.5	0
2892	0
2892.5	0
2893	0
2893.5	0
2894	0
2894.5	0
2895	170
2895.5	502
2896	662
2896.5	751
2897	806
2897.5	841
2898	852
2898.5	847
2899	822
2899.5	775
2900	186
2900.5	0
2901	65
2901.5	0
2902	0
2902.5	0
2903	0
2903.5	0
2904	0
2904.5	0
2905	0
2905.5	0
2906	0
2906.5	0
2907	143
2907.5	474
2908	642
2908.5	735
2909	791
2909.5	853
2910	866
2910.5	864
2911	820
2911.5	774
2912	91
2912.5	589
2913	224
2913.5	0
2914	0
2914.5	0
2915	0
2915.5	0
2916	0
2916.5	0
2917	0
2917.5	0
2918	0
2918.5	0
2919	135
2919.5	514
2920	649
2920.5	200
2921	327
2921.5	288
2922	502
2922.5	506
2923	535
2923.5	771
2924	687
2924.5	538
2925	114
2925.5	0
2926	0
2926.5	0
2927	0
2927.5	0
2928	0
2928.5	0
2929	0
2929.5	0
2930	0
2930.5	0
2931	151
2931.5	406
2932	285
2932.5	782
2933	828
2933.5	507
2934	439
2934.5	876
2935	865
2935.5	822
2936	743
2936.5	588
2937	216
2937.5	0
2938	0
2938.5	0
2939	0
2939.5	0
2940	0
2940.5	0
2941	0
2941.5	0
2942	0
2942.5	0
2943	278
2943.5	625
2944	771
2944.5	845
2945	886
2945.5	904
2946	910
2946.5	904
2947	877
2947.5	832
2948	752
2948.5	590
2949	198
2949.5	0
2950	0
2950.5	0
2951	0
2951.5	0
2952	0
2952.5	0
2953	0
2953.5	0
2954	0
2954.5	0
2955	143
2955.5	490
2956	667
2956.5	759
2957	811
2957.5	794
2958	806
2958.5	799
2959	768
2959.5	717
2960	622
2960.5	437
2961	68
2961.5	0
2962	0
2962.5	0
2963	0
2963.5	0
2964	0
2964.5	0
2965	0
2965.5	0
2966	0
2966.5	0
2967	0
2967.5	0
2968	91
2968.5	166
2969	813
2969.5	868
2970	875
2970.5	866
2971	850
2971.5	808
2972	728
2972.5	568
2973	167
2973.5	0
2974	0
2974.5	0
2975	0
2975.5	0
2976	0
2976.5	0
2977	0
2977.5	0
2978	0
2978.5	0
2979	149
2979.5	509
2980	702
2980.5	789
2981	837
2981.5	861
2982	870
2982.5	495
2983	507
2983.5	202
2984	0
2984.5	179
2985	0
2985.5	0
2986	0
2986.5	0
2987	0
2987.5	0
2988	0
2988.5	0
2989	0
2989.5	0
2990	0
2990.5	0
2991	32
2991.5	289
2992	95
2992.5	569
2993	808
2993.5	844
2994	852
2994.5	843
2995	830
2995.5	779
2996	685
2996.5	529
2997	103
2997.5	0
2998	0
2998.5	0
2999	0
2999.5	0
3000	0
3000.5	0
3001	0
3001.5	0
3002	0
3002.5	0
3003	188
3003.5	574
3004	739
3004.5	821
3005	866
3005.5	889
3006	892
3006.5	879
3007	836
3007.5	787
3008	503
3008.5	188
3009	0
3009.5	0
3010	0
3010.5	0
3011	0
3011.5	0
3012	0
3012.5	0
3013	0
3013.5	0
3014	0
3014.5	0
3015	127
3015.5	405
3016	406
3016.5	103
3017	809
3017.5	386
3018	174
3018.5	439
3019	176
3019.5	678
3020	574
3020.5	374
3021	0
3021.5	0
3022	0
3022.5	0
3023	0
3023.5	0
3024	0
3024.5	0
3025	0
3025.5	0
3026	0
3026.5	0
3027	100
3027.5	299
3028	146
3028.5	85
3029	870
3029.5	880
3030	886
3030.5	874
3031	869
3031.5	816
3032	720
3032.5	596
3033	112
3033.5	0
3034	0
3034.5	0
3035	0
3035.5	0
3036	0
3036.5	0
3037	0
3037.5	0
3038	0
3038.5	0
3039	177
3039.5	570
3040	782
3040.5	859
3041	902
3041.5	923
3042	930
3042.5	922
3043	886
3043.5	838
3044	753
3044.5	607
3045	126
3045.5	0
3046	0
3046.5	0
3047	0
3047.5	0
3048	0
3048.5	0
3049	0
3049.5	0
3050	0
3050.5	0
3051	304
3051.5	689
3052	837
3052.5	908
3053	946
3053.5	957
3054	962
3054.5	953
3055	924
3055.5	875
3056	785
3056.5	599
3057	0
3057.5	0
3058	0
3058.5	0
3059	0
3059.5	0
3060	0
3060.5	0
3061	0
3061.5	0
3062	0
3062.5	0
3063	215
3063.5	630
3064	790
3064.5	870
3065	914
3065.5	944
3066	949
3066.5	939
3067	904
3067.5	851
3068	751
3068.5	611
3069	0
3069.5	0
3070	0
3070.5	0
3071	0
3071.5	0
3072	0
3072.5	0
3073	0
3073.5	0
3074	0
3074.5	0
3075	128
3075.5	545
3076	784
3076.5	867
3077	912
3077.5	933
3078	940
3078.5	933
3079	912
3079.5	864
3080	774
3080.5	585
3081	0
3081.5	0
3082	0
3082.5	0
3083	0
3083.5	0
3084	0
3084.5	0
3085	0
3085.5	0
3086	0
3086.5	0
3087	196
3087.5	617
3088	781
3088.5	862
3089	906
3089.5	930
3090	937
3090.5	927
3091	897
3091.5	844
3092	744
3092.5	537
3093	0
3093.5	0
3094	0
3094.5	0
3095	0
3095.5	0
3096	0
3096.5	0
3097	0
3097.5	0
3098	0
3098.5	0
3099	145
3099.5	576
3100	753
3100.5	844
3101	896
3101.5	930
3102	940
3102.5	936
3103	915
3103.5	869
3104	777
3104.5	581
3105	0
3105.5	0
3106	0
3106.5	0
3107	0
3107.5	0
3108	0
3108.5	0
3109	0
3109.5	0
3110	0
3110.5	0
3111	157
3111.5	592
3112	790
3112.5	878
3113	930
3113.5	961
3114	975
3114.5	971
3115	946
3115.5	892
3116	788
3116.5	581
3117	0
3117.5	0
3118	0
3118.5	0
3119	0
3119.5	0
3120	0
3120.5	0
3121	0
3121.5	0
3122	0
3122.5	0
3123	172

